   1 450   1   0  0.1287379E+02  0.5000000E+04
  CAR 
 silica                                  
   0   0   0
   1   1
 256 256 256
 256
  0.1000000E-09
  0.6250000E-11
  20
  0.1000000E-14  0.1796000E-08  0.1796000E-08  0.1796000E-08
  0.5117091E+04  0.5533226E+04
  0.000
  0.000
  0.000
  0.000
  0.000
  0.000
  0.000
  0.000
  0.000
  0.000
  0.000
  0.000
  0.000
  0.000
  0.000
  0.000
  0.000
  0.000
  0.000
  0.000
  0.000
  0.011
  0.117
  0.600
  1.745
  3.571
  3.022
  2.186
  1.504
  0.934
  0.561
  0.421
  0.269
  0.211
  0.195
  0.245
  0.316
  0.427
  0.583
  0.778
  1.048
  1.238
  1.215
  1.162
  1.096
  0.997
  0.984
  0.991
  1.003
  0.970
  0.999
  0.896
  0.863
  0.824
  0.814
  0.858
  0.904
  0.933
  0.964
  0.987
  1.028
  1.038
  1.115
  1.147
  1.152
  1.178
  1.150
  1.227
  1.170
  1.085
  1.020
  1.001
  1.009
  1.003
  1.040
  1.041
  1.044
  1.064
  1.061
  1.084
  1.078
  1.051
  1.076
  1.006
  1.008
  1.000
  0.987
  0.972
  0.974
  0.969
  0.932
  0.932
  0.972
  0.952
  0.945
  0.943
  0.946
  0.950
  0.937
  0.953
  0.935
  0.956
  0.924
  0.950
  0.955
  0.969
  0.973
  0.972
  0.993
  0.984
  0.984
  0.984
  1.010
  1.019
  1.015
  1.023
  1.039
  1.044
  1.056
  1.040
  1.032
  1.028
  1.033
  1.048
  1.049
  1.033
  1.025
  1.012
  1.017
  1.015
  1.017
  0.984
  0.996
  1.000
  1.013
  1.007
  1.000
  1.013
  1.007
  1.008
  1.008
  0.991
  0.998
  0.983
  0.977
  0.981
  0.969
  0.984
  0.964
  0.977
  0.986
  0.989
  1.005
  1.001
  0.995
  1.000
  0.999
  0.998
  0.988
  0.986
  0.997
  0.995
  1.000
  0.993
  0.989
  0.999
  0.984
  0.983
  0.990
  0.997
  1.003
  1.006
  1.002
  1.013
  1.016
  1.014
  1.014
  1.007
  0.988
  0.991
  1.007
  1.002
  1.013
  1.011
  1.004
  1.016
  1.010
  1.021
  1.018
  1.021
  1.006
  1.002
  1.009
  0.999
  1.002
  1.004
  1.002
  0.999
  1.001
  0.996
  0.990
  0.983
  0.982
  0.977
  0.984
  0.988
  0.991
  0.990
  0.996
  0.997
  0.997
  0.995
  0.991
  0.995
  0.988
  0.991
  0.992
  0.994
  1.003
  1.010
  0.999
  1.000
  0.998
  1.005
  1.009
  1.022
  1.006
  1.009
  0.995
  0.997
  1.013
  1.013
  1.009
  1.002
  0.994
  0.993
  0.993
  1.006
  1.003
  1.012
  1.006
  1.002
  1.011
  1.008
  0.998
  1.002
  1.000
  1.005
  1.011
  1.011
  0.997
  1.001
  0.990
  0.996
  0.997
  0.995
  0.4664500E+04  0.4670379E+04
  0.000
  0.000
  0.000
  0.000
  0.000
  0.000
  0.000
  0.000
  0.000
  0.000
  0.000
  0.000
  0.000
  0.000
  0.000
  0.000
  0.000
  0.000
  0.000
  0.000
  0.005
  0.044
  0.177
  0.749
  1.740
  2.446
  2.442
  2.026
  1.555
  1.070
  0.683
  0.527
  0.401
  0.362
  0.380
  0.436
  0.592
  0.686
  0.819
  0.919
  0.976
  1.003
  1.063
  1.079
  1.071
  1.111
  1.109
  1.057
  1.078
  1.034
  1.028
  1.012
  0.964
  0.981
  0.934
  0.942
  0.920
  0.918
  0.923
  0.943
  0.971
  0.993
  1.006
  1.011
  1.009
  1.022
  0.976
  1.030
  1.046
  1.086
  1.075
  1.080
  1.084
  1.037
  1.036
  1.073
  1.057
  1.033
  1.040
  1.063
  1.070
  1.063
  1.021
  1.027
  1.041
  1.035
  1.016
  1.003
  0.994
  0.977
  0.965
  0.971
  0.978
  0.950
  0.963
  0.948
  0.942
  0.974
  0.983
  0.984
  0.985
  0.965
  0.975
  0.963
  0.961
  0.968
  0.999
  0.996
  0.987
  0.982
  0.995
  0.976
  0.977
  0.984
  0.990
  1.015
  1.017
  1.014
  1.036
  1.033
  1.009
  1.042
  1.048
  1.025
  1.038
  1.031
  1.010
  0.998
  0.999
  1.009
  1.022
  1.014
  0.999
  0.984
  0.996
  0.999
  0.993
  0.996
  0.998
  1.005
  1.013
  1.013
  0.990
  0.978
  0.979
  0.993
  0.990
  1.003
  0.993
  0.998
  0.986
  0.988
  1.010
  0.997
  1.001
  0.992
  0.995
  0.986
  0.988
  1.008
  1.005
  0.999
  0.992
  0.988
  0.987
  0.991
  0.987
  0.989
  1.001
  0.995
  1.005
  1.002
  0.994
  0.993
  1.008
  1.004
  1.003
  0.985
  0.998
  0.988
  1.014
  1.009
  1.012
  1.026
  1.008
  1.003
  0.994
  0.998
  1.003
  0.998
  1.001
  1.018
  1.012
  1.005
  1.001
  1.015
  1.008
  1.007
  0.997
  0.991
  0.989
  0.994
  0.990
  0.989
  0.993
  0.994
  0.993
  0.993
  0.986
  0.989
  0.986
  0.991
  1.001
  0.995
  0.996
  0.993
  1.005
  0.998
  0.999
  0.995
  0.995
  0.993
  1.000
  1.011
  1.005
  1.003
  1.000
  1.003
  1.010
  1.007
  1.012
  1.005
  0.998
  0.999
  0.997
  1.006
  1.005
  1.005
  1.005
  0.999
  1.002
  1.008
  1.007
  1.008
  0.990
  0.993
  0.998
  0.994
  0.993
  1.002
  1.001
  1.008
  0.997
  0.993
  0.993
  0.991
  0.4785496E+04  0.4786532E+04
  0.000
  0.000
  0.000
  0.000
  0.000
  0.000
  0.000
  0.000
  0.000
  0.000
  0.000
  0.000
  0.000
  0.000
  0.000
  0.000
  0.000
  0.000
  0.000
  0.000
  0.002
  0.029
  0.167
  0.644
  1.540
  2.206
  2.429
  2.259
  1.595
  1.129
  0.828
  0.587
  0.431
  0.376
  0.410
  0.467
  0.512
  0.630
  0.806
  0.911
  1.049
  1.051
  1.070
  1.109
  1.117
  1.067
  1.099
  1.062
  1.072
  1.015
  0.987
  0.957
  0.943
  0.909
  0.893
  0.868
  0.910
  0.939
  0.936
  0.931
  1.025
  1.054
  1.044
  1.001
  1.030
  1.021
  1.044
  1.067
  1.086
  1.041
  1.049
  1.037
  1.054
  1.035
  1.030
  1.042
  1.025
  1.024
  1.055
  1.055
  1.020
  1.062
  1.047
  1.036
  1.040
  1.014
  0.981
  0.998
  1.021
  1.000
  0.989
  0.980
  0.992
  0.977
  0.972
  0.958
  0.962
  0.943
  0.942
  0.949
  0.955
  0.945
  0.957
  0.972
  0.965
  1.003
  1.000
  0.980
  0.990
  0.983
  0.990
  1.002
  1.020
  1.027
  1.021
  1.025
  1.020
  1.037
  1.059
  1.009
  1.011
  0.999
  0.994
  0.999
  1.024
  0.998
  0.995
  0.990
  1.015
  1.013
  1.011
  1.006
  0.997
  0.996
  0.997
  1.000
  1.016
  1.033
  1.018
  0.999
  0.997
  1.000
  0.978
  1.008
  0.991
  0.997
  0.998
  0.994
  0.993
  0.991
  0.996
  0.993
  0.998
  1.012
  0.997
  0.996
  0.987
  0.987
  0.980
  1.003
  1.000
  0.996
  0.971
  0.966
  0.985
  1.003
  0.995
  0.989
  0.991
  1.006
  1.022
  1.007
  1.011
  1.000
  1.001
  0.992
  1.001
  1.009
  1.006
  1.006
  0.996
  1.001
  1.007
  0.995
  1.001
  0.999
  0.993
  0.998
  1.009
  1.004
  1.006
  1.006
  0.999
  1.005
  1.004
  1.008
  1.009
  1.016
  1.011
  0.998
  0.986
  1.005
  1.001
  1.002
  0.976
  0.977
  0.984
  0.990
  0.995
  1.000
  1.006
  1.007
  0.988
  0.996
  1.009
  1.000
  0.993
  0.985
  0.998
  1.005
  1.000
  1.002
  0.997
  0.998
  0.999
  0.994
  1.007
  1.004
  1.006
  1.005
  0.994
  0.991
  1.006
  1.011
  1.005
  1.003
  0.999
  1.001
  1.007
  1.005
  1.006
  1.010
  1.003
  1.004
  1.007
  1.000
  0.998
  0.986
  1.002
  1.001
  0.993
  1.002
  0.997
  0.998
  0.993
  0.981
  0.4652053E+04  0.4653354E+04
  0.000
  0.000
  0.000
  0.000
  0.000
  0.000
  0.000
  0.000
  0.000
  0.000
  0.000
  0.000
  0.000
  0.000
  0.000
  0.000
  0.000
  0.000
  0.003
  0.002
  0.004
  0.031
  0.202
  0.753
  1.690
  2.308
  2.508
  2.090
  1.634
  1.107
  0.706
  0.519
  0.381
  0.384
  0.402
  0.458
  0.538
  0.661
  0.777
  0.860
  0.923
  1.043
  1.091
  1.097
  1.113
  1.091
  1.124
  1.075
  1.063
  1.107
  1.055
  0.983
  0.916
  0.917
  0.870
  0.874
  0.903
  0.884
  0.939
  0.948
  0.961
  0.934
  0.951
  1.028
  1.055
  1.053
  1.099
  1.067
  1.065
  1.062
  1.071
  1.073
  1.066
  1.061
  1.010
  1.022
  1.056
  1.032
  1.014
  1.022
  1.028
  1.031
  1.027
  1.059
  1.037
  1.020
  1.008
  1.020
  0.997
  1.011
  0.978
  0.983
  0.973
  0.987
  0.967
  0.957
  0.924
  0.923
  0.936
  0.948
  0.941
  0.974
  0.983
  0.985
  0.968
  0.998
  0.986
  0.994
  1.001
  1.006
  1.012
  1.022
  1.013
  1.021
  1.022
  1.039
  1.000
  1.014
  0.998
  0.986
  0.982
  0.992
  1.016
  1.044
  1.026
  1.019
  1.001
  1.004
  0.996
  0.995
  1.013
  0.997
  0.996
  1.003
  1.010
  1.018
  1.013
  0.994
  0.981
  0.983
  1.002
  0.996
  1.003
  0.980
  1.003
  1.007
  1.001
  1.002
  0.996
  0.970
  0.997
  1.004
  1.003
  1.009
  1.025
  1.012
  1.000
  1.010
  0.994
  0.990
  0.989
  1.004
  0.978
  0.983
  1.008
  0.993
  0.990
  0.984
  0.982
  0.985
  0.992
  0.996
  0.998
  1.007
  1.006
  1.010
  1.002
  0.998
  1.005
  1.010
  1.012
  1.003
  0.998
  1.001
  1.009
  1.003
  1.007
  0.999
  1.012
  1.013
  1.015
  1.000
  0.994
  1.007
  1.013
  0.999
  0.998
  1.001
  1.000
  0.998
  0.996
  0.993
  0.998
  0.996
  0.989
  0.988
  0.992
  0.984
  0.991
  0.989
  1.009
  0.994
  0.993
  0.994
  1.001
  1.008
  1.008
  1.011
  0.997
  0.993
  0.994
  0.998
  1.007
  0.999
  1.005
  1.000
  1.001
  1.006
  0.997
  0.996
  0.997
  1.004
  1.010
  1.009
  1.004
  1.004
  1.007
  1.004
  1.003
  1.001
  0.994
  1.007
  1.003
  1.001
  0.996
  1.003
  0.999
  0.999
  1.005
  1.006
  1.010
  1.005
  1.002
  0.990
  0.998
  0.988
  0.4510788E+04  0.4510986E+04
  0.000
  0.000
  0.000
  0.000
  0.000
  0.000
  0.000
  0.000
  0.000
  0.000
  0.000
  0.000
  0.000
  0.000
  0.000
  0.000
  0.000
  0.000
  0.000
  0.000
  0.000
  0.031
  0.194
  0.709
  1.832
  2.518
  2.466
  2.191
  1.577
  1.019
  0.688
  0.510
  0.389
  0.334
  0.375
  0.452
  0.578
  0.654
  0.826
  0.906
  0.989
  1.035
  1.065
  1.115
  1.115
  1.110
  1.077
  1.127
  1.038
  1.019
  1.003
  0.927
  0.965
  0.908
  0.867
  0.847
  0.826
  0.873
  0.932
  0.951
  0.947
  0.978
  1.014
  1.041
  1.075
  1.049
  1.076
  1.076
  1.050
  1.060
  1.089
  1.059
  1.042
  1.048
  1.038
  1.031
  1.031
  1.032
  1.042
  1.033
  1.043
  1.054
  1.058
  1.031
  1.021
  1.021
  0.984
  0.982
  0.987
  1.013
  1.016
  0.989
  0.966
  0.964
  0.952
  0.961
  0.944
  0.939
  0.967
  0.943
  0.958
  0.951
  0.962
  0.988
  0.990
  0.991
  0.986
  0.984
  0.991
  1.016
  1.009
  1.023
  1.023
  1.019
  1.022
  1.012
  0.999
  1.006
  1.013
  0.992
  1.023
  1.020
  1.026
  1.002
  0.993
  1.011
  1.003
  1.014
  0.994
  1.018
  1.018
  1.026
  1.013
  1.016
  0.994
  0.994
  0.992
  0.978
  0.975
  0.981
  0.990
  0.993
  0.992
  0.986
  0.980
  0.999
  1.003
  1.001
  1.003
  1.019
  1.012
  0.998
  1.005
  1.004
  1.012
  1.009
  1.014
  0.997
  1.002
  1.003
  0.984
  0.978
  0.980
  0.993
  0.986
  0.994
  0.984
  0.984
  1.011
  1.009
  1.008
  1.007
  1.011
  1.014
  0.998
  0.993
  1.000
  0.997
  0.991
  0.987
  1.003
  1.009
  1.004
  0.994
  1.007
  1.003
  0.999
  0.994
  1.008
  1.020
  1.009
  1.005
  1.010
  1.007
  1.008
  1.013
  1.014
  1.003
  1.002
  1.003
  0.999
  0.988
  1.002
  0.987
  0.988
  0.992
  0.982
  0.978
  0.997
  0.980
  0.990
  0.998
  1.012
  1.010
  1.003
  1.001
  0.998
  0.998
  0.989
  0.982
  0.989
  1.003
  0.999
  0.993
  1.004
  1.007
  1.009
  1.012
  1.010
  1.005
  1.000
  1.004
  0.995
  0.999
  0.997
  0.993
  0.995
  1.001
  1.009
  1.007
  1.005
  1.000
  0.999
  1.004
  0.995
  1.007
  1.014
  1.017
  1.014
  1.006
  0.994
  1.001
  1.002
  1.009
  0.992
  0.988
  0.4470783E+04  0.4473157E+04
  0.000
  0.000
  0.000
  0.000
  0.000
  0.000
  0.000
  0.000
  0.000
  0.000
  0.000
  0.000
  0.000
  0.000
  0.000
  0.000
  0.000
  0.000
  0.000
  0.000
  0.000
  0.025
  0.155
  0.709
  1.800
  2.438
  2.547
  2.194
  1.566
  1.189
  0.737
  0.521
  0.393
  0.362
  0.414
  0.446
  0.571
  0.642
  0.750
  0.925
  0.970
  1.099
  1.164
  1.126
  1.055
  1.051
  1.018
  1.038
  1.001
  0.993
  1.010
  0.971
  0.935
  0.907
  0.897
  0.855
  0.907
  0.916
  0.924
  0.977
  0.993
  0.973
  1.028
  1.076
  1.072
  1.089
  1.067
  1.083
  1.041
  1.063
  1.072
  1.078
  1.031
  1.019
  1.010
  1.016
  1.023
  1.022
  1.047
  1.028
  1.031
  1.004
  1.022
  1.025
  1.015
  1.001
  1.026
  1.003
  1.001
  0.994
  0.982
  0.996
  0.991
  0.993
  0.970
  0.954
  0.980
  0.991
  0.978
  0.979
  0.979
  0.981
  0.954
  0.943
  0.971
  0.994
  0.989
  0.988
  0.992
  0.984
  0.985
  1.003
  0.993
  0.998
  1.008
  1.010
  0.997
  1.020
  1.021
  1.026
  1.010
  1.001
  1.015
  1.000
  0.988
  1.001
  1.009
  1.001
  0.993
  1.000
  1.015
  1.014
  1.014
  1.026
  1.025
  1.000
  1.008
  0.986
  0.999
  0.998
  1.005
  0.996
  1.013
  0.990
  0.989
  1.005
  1.007
  0.987
  0.977
  0.982
  0.974
  0.977
  1.002
  1.007
  0.999
  1.003
  0.991
  1.002
  0.993
  0.985
  1.001
  0.993
  1.007
  0.991
  1.004
  1.012
  1.010
  1.010
  0.983
  1.004
  1.005
  0.990
  0.992
  0.983
  0.985
  1.007
  1.007
  1.015
  1.011
  1.016
  1.010
  1.016
  1.012
  1.000
  1.014
  1.007
  0.996
  0.987
  1.003
  1.014
  1.007
  1.000
  1.000
  1.003
  1.006
  1.002
  1.008
  1.000
  1.004
  1.004
  0.996
  0.991
  0.996
  0.986
  1.000
  0.998
  0.993
  0.994
  0.993
  0.996
  0.995
  1.005
  1.005
  0.995
  0.988
  0.986
  0.991
  0.993
  0.986
  0.993
  0.981
  0.989
  0.999
  1.001
  1.002
  1.012
  1.002
  1.006
  1.003
  1.001
  1.006
  1.005
  1.001
  1.004
  1.008
  1.014
  0.998
  0.996
  0.993
  0.999
  1.002
  0.994
  0.993
  1.004
  1.011
  1.014
  1.012
  1.008
  1.005
  1.002
  0.999
  1.006
  1.005
  1.007
  1.008
  1.003
  0.4412893E+04  0.4425315E+04
  0.000
  0.000
  0.000
  0.000
  0.000
  0.000
  0.000
  0.000
  0.000
  0.000
  0.000
  0.000
  0.000
  0.000
  0.000
  0.000
  0.000
  0.000
  0.000
  0.000
  0.006
  0.019
  0.131
  0.662
  1.717
  2.503
  2.696
  2.191
  1.614
  1.043
  0.680
  0.442
  0.365
  0.336
  0.399
  0.434
  0.551
  0.647
  0.741
  0.900
  1.026
  1.053
  1.065
  1.196
  1.151
  1.138
  1.166
  1.126
  1.065
  0.992
  1.003
  0.979
  0.923
  0.934
  0.876
  0.867
  0.899
  0.896
  0.908
  0.926
  0.963
  0.987
  1.005
  1.034
  0.985
  1.004
  1.030
  1.052
  1.077
  1.118
  1.094
  1.056
  1.052
  1.046
  1.042
  1.004
  1.011
  1.056
  1.046
  1.050
  1.067
  1.036
  1.052
  1.021
  1.014
  0.992
  1.005
  0.995
  0.990
  0.978
  0.976
  0.986
  0.962
  1.004
  0.977
  0.983
  0.968
  0.976
  0.984
  0.968
  0.981
  0.957
  0.984
  0.979
  0.998
  0.998
  0.981
  0.977
  0.978
  0.963
  0.974
  0.972
  0.987
  0.996
  1.020
  1.026
  1.000
  1.004
  1.021
  1.017
  1.016
  1.017
  1.021
  1.023
  1.023
  1.012
  1.010
  0.997
  1.005
  0.994
  1.020
  1.004
  0.989
  0.987
  1.000
  1.006
  1.001
  1.012
  1.014
  0.998
  1.013
  1.013
  1.004
  1.006
  0.995
  1.000
  0.995
  0.983
  0.997
  0.989
  1.000
  0.978
  0.988
  0.989
  0.983
  0.988
  0.984
  1.001
  1.006
  1.007
  0.992
  1.003
  0.992
  1.008
  0.991
  0.988
  0.992
  0.990
  1.005
  1.005
  0.989
  1.009
  1.005
  0.999
  0.997
  1.002
  1.000
  1.008
  1.007
  1.008
  1.001
  1.006
  1.002
  1.005
  1.021
  1.013
  1.005
  1.012
  1.017
  1.020
  1.022
  1.010
  1.003
  1.001
  0.980
  0.977
  0.974
  0.988
  1.002
  1.010
  1.003
  0.990
  0.983
  0.987
  1.003
  0.999
  1.005
  1.007
  0.998
  0.995
  1.004
  1.001
  0.994
  0.993
  0.987
  0.992
  0.985
  0.996
  0.998
  0.993
  0.993
  1.001
  0.995
  0.993
  0.997
  0.998
  1.004
  1.001
  0.998
  0.997
  1.011
  1.014
  1.011
  1.006
  1.006
  1.001
  1.001
  1.008
  1.006
  0.993
  1.002
  1.002
  0.997
  1.003
  0.999
  1.003
  1.013
  1.006
  1.013
  1.003
  1.013
  1.002
  0.996
  1.001
  0.994
  0.991
  0.4183042E+04  0.4182640E+04
  0.000
  0.000
  0.000
  0.000
  0.000
  0.000
  0.000
  0.000
  0.000
  0.000
  0.000
  0.000
  0.000
  0.000
  0.000
  0.000
  0.000
  0.000
  0.000
  0.000
  0.007
  0.018
  0.150
  0.677
  1.820
  2.573
  2.547
  2.274
  1.629
  1.038
  0.680
  0.492
  0.377
  0.371
  0.378
  0.444
  0.574
  0.661
  0.781
  0.872
  1.033
  1.019
  1.124
  1.148
  1.189
  1.120
  1.048
  1.027
  1.003
  1.009
  0.960
  0.950
  0.932
  0.875
  0.867
  0.861
  0.906
  0.934
  0.924
  0.919
  0.978
  1.000
  0.999
  1.022
  1.055
  1.070
  1.093
  1.047
  1.063
  1.083
  1.064
  1.084
  1.081
  1.040
  1.050
  1.051
  1.052
  1.071
  1.016
  1.018
  1.028
  1.053
  1.033
  1.011
  1.007
  1.001
  0.997
  0.989
  0.977
  0.981
  0.984
  0.980
  0.999
  0.981
  0.981
  0.979
  0.968
  0.989
  0.970
  0.990
  0.978
  0.972
  0.990
  0.963
  0.976
  0.968
  0.965
  0.973
  1.001
  1.008
  0.988
  0.985
  0.984
  1.010
  1.000
  1.013
  1.011
  1.000
  1.017
  0.995
  1.015
  1.014
  1.012
  1.025
  1.025
  1.024
  1.024
  1.013
  1.000
  1.000
  1.009
  1.010
  1.006
  0.988
  1.000
  0.990
  0.996
  0.983
  0.995
  1.014
  0.996
  0.986
  1.006
  1.009
  0.994
  0.991
  1.012
  1.002
  1.017
  1.004
  0.997
  0.990
  0.992
  0.999
  0.998
  0.989
  0.980
  0.975
  0.991
  1.004
  0.997
  1.008
  0.995
  1.002
  1.005
  0.987
  0.983
  0.993
  0.995
  0.986
  0.990
  0.988
  1.012
  1.001
  1.015
  1.007
  1.011
  0.992
  1.006
  0.997
  1.010
  1.007
  1.009
  1.000
  1.008
  1.004
  1.003
  1.011
  1.012
  1.016
  1.011
  1.005
  1.008
  1.009
  0.999
  0.992
  1.010
  1.014
  1.001
  1.006
  1.005
  0.988
  0.989
  0.986
  0.991
  0.990
  0.989
  0.984
  0.986
  0.976
  0.991
  1.008
  0.996
  1.004
  1.002
  0.998
  1.007
  1.003
  1.004
  0.997
  1.003
  0.988
  0.991
  0.989
  0.987
  0.993
  1.000
  1.005
  1.003
  1.002
  1.000
  1.001
  1.003
  1.015
  1.013
  1.008
  1.011
  1.004
  1.007
  1.004
  1.005
  1.005
  0.994
  0.996
  1.006
  1.003
  0.999
  0.999
  0.991
  1.000
  1.000
  1.001
  0.996
  0.992
  0.992
  0.984
  0.4121774E+04  0.4126015E+04
  0.000
  0.000
  0.000
  0.000
  0.000
  0.000
  0.000
  0.000
  0.000
  0.000
  0.000
  0.000
  0.000
  0.000
  0.000
  0.000
  0.000
  0.000
  0.000
  0.000
  0.005
  0.009
  0.137
  0.702
  1.663
  2.475
  2.682
  2.262
  1.681
  1.174
  0.728
  0.537
  0.424
  0.301
  0.356
  0.435
  0.508
  0.663
  0.800
  0.885
  0.943
  0.988
  1.080
  1.126
  1.146
  1.155
  1.104
  1.037
  1.021
  1.011
  1.020
  1.003
  0.868
  0.887
  0.878
  0.893
  0.869
  0.891
  0.958
  0.977
  0.986
  1.040
  1.042
  1.070
  1.058
  1.058
  1.061
  1.047
  1.047
  1.015
  1.005
  1.060
  1.058
  1.007
  1.024
  1.035
  1.064
  1.068
  1.046
  1.033
  1.062
  1.049
  1.042
  1.041
  0.999
  0.996
  0.996
  0.992
  0.943
  0.968
  0.980
  0.961
  0.941
  0.950
  0.938
  0.995
  0.990
  0.998
  0.996
  0.992
  0.984
  0.996
  1.004
  0.986
  0.998
  0.990
  0.991
  0.968
  0.981
  0.994
  1.004
  0.989
  0.991
  0.986
  1.026
  1.012
  1.016
  0.982
  1.004
  1.017
  1.012
  1.020
  0.993
  1.009
  1.007
  1.007
  1.021
  1.010
  1.008
  0.979
  0.975
  0.997
  0.987
  0.996
  1.006
  1.009
  1.002
  1.016
  1.018
  1.026
  1.018
  1.002
  1.006
  1.009
  1.019
  1.009
  0.994
  0.988
  0.993
  0.995
  0.997
  0.995
  0.973
  1.005
  0.997
  0.980
  0.980
  0.990
  0.997
  1.006
  1.008
  1.011
  1.003
  1.008
  1.005
  1.010
  0.991
  0.995
  1.003
  1.013
  0.986
  0.981
  0.978
  0.985
  1.008
  1.013
  0.993
  1.001
  0.997
  0.989
  1.009
  1.011
  1.001
  1.006
  0.995
  1.003
  1.004
  0.994
  1.011
  1.012
  1.013
  0.999
  0.988
  1.002
  1.003
  1.008
  1.007
  1.011
  1.007
  1.003
  1.005
  0.997
  0.994
  1.000
  1.007
  1.001
  0.996
  0.993
  0.994
  1.004
  1.002
  0.997
  0.983
  0.997
  0.994
  0.992
  0.989
  0.991
  0.994
  0.986
  0.997
  1.004
  1.011
  0.998
  0.989
  0.995
  0.996
  0.999
  1.002
  0.996
  1.001
  1.019
  1.012
  1.000
  1.003
  1.004
  0.999
  0.991
  0.996
  0.996
  1.004
  1.007
  1.001
  0.999
  0.999
  0.994
  0.981
  1.000
  1.000
  0.995
  0.997
  1.001
  1.005
  1.005
  0.994
  1.000
  0.4092557E+04  0.4093600E+04
  0.000
  0.000
  0.000
  0.000
  0.000
  0.000
  0.000
  0.000
  0.000
  0.000
  0.000
  0.000
  0.000
  0.000
  0.000
  0.000
  0.000
  0.000
  0.000
  0.000
  0.000
  0.012
  0.184
  0.781
  1.777
  2.516
  2.781
  2.147
  1.704
  1.096
  0.694
  0.503
  0.350
  0.296
  0.354
  0.418
  0.563
  0.637
  0.764
  0.912
  0.960
  1.013
  1.111
  1.125
  1.209
  1.178
  1.110
  1.062
  1.073
  1.006
  0.988
  0.939
  0.887
  0.904
  0.891
  0.892
  0.900
  0.905
  0.929
  0.930
  0.957
  0.956
  1.032
  1.062
  1.070
  1.074
  1.034
  1.057
  1.082
  1.061
  1.059
  1.023
  1.014
  1.032
  1.036
  1.018
  0.996
  1.040
  1.052
  1.070
  1.064
  1.060
  1.051
  1.001
  0.966
  0.962
  0.965
  0.994
  0.998
  0.997
  0.983
  0.978
  0.983
  0.965
  0.987
  0.963
  0.971
  0.974
  1.001
  0.983
  0.986
  0.997
  1.018
  0.985
  1.000
  1.000
  0.991
  0.983
  0.971
  0.992
  0.991
  1.000
  0.987
  1.002
  0.994
  1.012
  1.006
  1.033
  1.017
  1.005
  1.012
  1.001
  1.003
  0.996
  1.006
  0.981
  0.987
  0.999
  1.011
  1.019
  1.009
  1.006
  0.996
  0.997
  0.999
  0.999
  1.006
  1.012
  0.990
  1.011
  1.015
  1.006
  0.985
  0.985
  0.992
  0.999
  1.007
  1.019
  1.008
  1.006
  0.995
  0.994
  0.989
  0.999
  0.987
  0.992
  0.990
  0.996
  1.016
  1.007
  1.016
  1.009
  1.001
  0.990
  0.997
  0.986
  0.983
  0.990
  0.999
  0.995
  1.011
  1.000
  0.989
  0.983
  0.982
  0.993
  0.991
  1.001
  1.006
  1.002
  1.011
  1.021
  1.005
  1.015
  1.012
  1.009
  1.003
  1.008
  0.993
  0.992
  0.990
  0.995
  1.004
  0.999
  1.015
  1.008
  1.005
  1.012
  1.017
  1.009
  0.991
  0.994
  0.995
  1.008
  1.002
  0.997
  1.000
  1.003
  0.992
  0.994
  0.989
  0.994
  0.992
  0.990
  0.989
  0.997
  0.994
  0.989
  1.003
  1.001
  0.999
  1.007
  1.002
  1.001
  0.987
  0.990
  1.003
  1.013
  1.010
  1.000
  0.998
  1.002
  1.004
  0.996
  1.000
  0.999
  0.991
  0.996
  1.005
  0.994
  1.001
  1.006
  1.005
  0.999
  1.000
  0.997
  0.997
  0.997
  1.007
  1.011
  1.002
  0.996
  1.000
  0.998
  0.997
  0.989
  0.3913743E+04  0.3915010E+04
  0.000
  0.000
  0.000
  0.000
  0.000
  0.000
  0.000
  0.000
  0.000
  0.000
  0.000
  0.000
  0.000
  0.000
  0.000
  0.000
  0.000
  0.000
  0.000
  0.000
  0.000
  0.002
  0.133
  0.799
  1.863
  2.616
  2.795
  2.346
  1.586
  0.978
  0.653
  0.434
  0.350
  0.264
  0.306
  0.410
  0.531
  0.701
  0.804
  0.973
  1.066
  1.091
  1.153
  1.136
  1.174
  1.155
  1.092
  1.073
  1.007
  0.997
  0.988
  0.979
  0.927
  0.917
  0.884
  0.894
  0.891
  0.883
  0.909
  0.926
  0.927
  0.946
  0.989
  1.025
  1.071
  1.083
  1.043
  1.048
  1.065
  1.074
  1.089
  1.039
  1.027
  1.030
  1.057
  1.024
  1.019
  1.027
  1.045
  1.003
  1.015
  1.026
  1.046
  1.017
  1.006
  1.008
  1.015
  0.986
  0.979
  0.994
  0.990
  0.991
  0.998
  0.982
  1.011
  1.001
  0.975
  0.954
  0.960
  0.953
  0.944
  0.947
  0.947
  0.978
  0.995
  0.999
  0.996
  1.001
  1.016
  0.996
  1.016
  1.032
  1.000
  1.010
  1.035
  1.031
  1.025
  1.001
  0.995
  0.987
  0.994
  1.009
  0.979
  0.984
  0.985
  0.992
  1.005
  1.005
  1.019
  1.018
  1.013
  1.014
  1.002
  1.019
  1.000
  0.997
  1.009
  0.993
  1.002
  0.996
  1.007
  0.995
  1.007
  0.990
  0.989
  0.995
  0.986
  0.978
  1.003
  1.006
  0.997
  0.997
  1.000
  0.996
  0.994
  0.987
  1.007
  1.016
  1.014
  0.998
  1.001
  0.995
  0.996
  0.995
  0.999
  1.012
  1.003
  1.002
  0.983
  0.991
  0.995
  0.981
  0.990
  1.002
  1.007
  0.995
  0.988
  0.986
  0.996
  0.993
  1.009
  0.992
  0.999
  0.999
  1.000
  1.005
  1.029
  1.021
  1.016
  1.022
  1.010
  1.004
  1.017
  0.997
  1.006
  0.996
  0.999
  0.988
  0.981
  0.989
  0.995
  1.000
  1.002
  0.995
  1.000
  1.012
  1.007
  0.997
  0.995
  1.000
  1.005
  0.999
  0.985
  1.002
  0.996
  0.992
  0.994
  0.996
  0.995
  1.006
  1.007
  1.008
  0.999
  1.004
  1.006
  1.000
  1.004
  1.003
  0.995
  1.001
  0.999
  1.004
  1.006
  0.998
  0.996
  0.989
  0.995
  0.995
  1.007
  0.991
  1.006
  0.998
  1.005
  1.003
  1.007
  0.998
  1.001
  1.011
  1.009
  0.998
  0.999
  0.983
  0.985
  1.001
  0.995
  0.996
  0.3845639E+04  0.3852706E+04
  0.000
  0.000
  0.000
  0.000
  0.000
  0.000
  0.000
  0.000
  0.000
  0.000
  0.000
  0.000
  0.000
  0.000
  0.000
  0.000
  0.000
  0.000
  0.000
  0.000
  0.000
  0.008
  0.138
  0.694
  1.682
  2.775
  2.849
  2.326
  1.678
  1.017
  0.706
  0.504
  0.351
  0.296
  0.320
  0.408
  0.547
  0.642
  0.825
  0.881
  1.025
  1.157
  1.169
  1.207
  1.164
  1.105
  1.077
  1.014
  1.035
  0.995
  0.938
  0.914
  0.866
  0.857
  0.871
  0.851
  0.893
  0.923
  1.008
  0.954
  0.956
  1.002
  1.057
  1.070
  1.076
  1.084
  1.084
  1.033
  1.029
  1.016
  1.012
  1.028
  1.019
  1.018
  1.036
  1.036
  1.047
  1.024
  1.016
  1.014
  1.038
  1.057
  1.032
  1.040
  1.034
  1.045
  1.014
  1.014
  0.987
  0.971
  0.960
  0.953
  0.916
  0.937
  0.933
  0.949
  0.962
  0.993
  1.010
  0.988
  1.011
  0.995
  1.005
  1.003
  0.998
  1.014
  0.988
  0.999
  1.000
  1.016
  1.019
  0.996
  0.992
  0.984
  0.981
  1.014
  1.003
  1.026
  1.011
  1.002
  0.987
  1.005
  1.001
  0.987
  1.004
  1.006
  1.011
  1.021
  1.024
  1.005
  1.022
  0.997
  0.991
  0.984
  0.988
  0.991
  0.992
  1.004
  0.991
  0.993
  0.996
  1.009
  1.009
  0.988
  0.992
  0.996
  0.999
  1.009
  1.012
  1.016
  1.001
  1.006
  0.997
  1.003
  0.997
  0.998
  0.998
  1.001
  1.000
  0.985
  0.997
  0.997
  0.998
  1.002
  1.012
  1.001
  0.999
  0.986
  0.989
  0.989
  0.988
  0.994
  0.979
  0.974
  0.985
  0.987
  0.994
  1.007
  0.987
  1.001
  0.997
  1.006
  1.004
  1.025
  1.020
  1.010
  1.021
  1.018
  1.017
  1.022
  1.021
  1.011
  1.016
  1.019
  1.007
  0.998
  0.994
  0.979
  0.988
  0.989
  0.975
  0.996
  0.999
  1.003
  1.004
  0.993
  0.993
  0.990
  0.987
  0.996
  1.000
  1.002
  0.993
  0.991
  0.998
  1.000
  1.003
  1.003
  1.003
  0.997
  1.005
  0.998
  0.986
  1.016
  1.014
  1.005
  0.995
  0.990
  0.991
  1.000
  1.008
  0.996
  0.994
  1.001
  1.006
  1.000
  1.004
  1.003
  1.004
  0.993
  0.995
  1.003
  0.996
  1.009
  1.013
  1.009
  1.011
  1.011
  0.999
  0.999
  1.004
  0.999
  0.997
  1.004
  0.990
  0.987
  0.3775846E+04  0.3777590E+04
  0.000
  0.000
  0.000
  0.000
  0.000
  0.000
  0.000
  0.000
  0.000
  0.000
  0.000
  0.000
  0.000
  0.000
  0.000
  0.000
  0.000
  0.000
  0.000
  0.000
  0.000
  0.005
  0.111
  0.622
  1.789
  2.768
  2.773
  2.409
  1.735
  1.171
  0.656
  0.433
  0.347
  0.342
  0.308
  0.345
  0.504
  0.646
  0.821
  0.946
  1.106
  1.136
  1.126
  1.164
  1.154
  1.099
  1.136
  1.072
  1.075
  1.011
  0.943
  0.939
  0.936
  0.854
  0.850
  0.858
  0.876
  0.906
  0.933
  0.982
  0.988
  1.027
  1.057
  1.031
  1.010
  1.049
  1.069
  1.087
  0.988
  1.015
  1.016
  1.021
  1.023
  1.013
  1.003
  1.022
  1.028
  1.035
  1.022
  1.034
  1.027
  1.080
  1.073
  1.031
  1.035
  0.995
  1.004
  1.000
  0.986
  0.975
  0.979
  0.955
  0.930
  0.957
  0.975
  1.027
  1.033
  1.005
  0.977
  0.991
  0.960
  0.985
  0.983
  0.990
  0.965
  0.978
  0.997
  1.012
  0.987
  1.008
  0.978
  1.013
  1.005
  1.022
  0.982
  1.008
  1.009
  1.007
  1.012
  1.004
  1.009
  1.023
  1.017
  1.001
  0.992
  1.009
  0.977
  1.002
  0.999
  0.994
  1.007
  1.021
  0.995
  0.987
  0.981
  0.977
  0.996
  0.991
  1.015
  1.036
  1.016
  0.994
  1.001
  1.008
  1.002
  0.994
  0.990
  1.001
  0.986
  0.987
  0.996
  0.998
  1.018
  1.010
  1.005
  1.011
  1.016
  0.999
  0.992
  0.987
  0.988
  0.998
  0.980
  0.984
  1.001
  1.004
  0.990
  1.002
  1.002
  0.996
  0.988
  0.998
  1.001
  0.991
  0.995
  0.987
  1.000
  1.006
  0.990
  0.988
  1.000
  1.018
  1.015
  1.006
  1.007
  1.003
  1.006
  1.006
  1.015
  1.012
  1.016
  1.003
  1.012
  1.005
  1.004
  0.996
  1.006
  0.995
  0.996
  1.001
  1.002
  1.000
  0.996
  1.004
  1.000
  0.994
  0.997
  0.984
  0.982
  0.985
  0.991
  0.988
  0.983
  1.002
  1.002
  0.997
  1.002
  0.991
  0.995
  1.006
  0.999
  1.001
  1.007
  1.006
  1.010
  1.002
  1.008
  1.020
  1.009
  1.007
  0.999
  0.990
  0.987
  0.981
  0.995
  0.995
  0.999
  0.999
  1.000
  1.003
  1.004
  0.999
  0.996
  0.999
  1.001
  1.006
  1.014
  1.009
  1.006
  1.008
  1.005
  0.999
  0.988
  0.990
  0.994
  0.988
  0.3647381E+04  0.3648392E+04
  0.000
  0.000
  0.000
  0.000
  0.000
  0.000
  0.000
  0.000
  0.000
  0.000
  0.000
  0.000
  0.000
  0.000
  0.000
  0.000
  0.000
  0.000
  0.000
  0.000
  0.000
  0.010
  0.096
  0.620
  1.826
  2.801
  3.001
  2.394
  1.647
  1.071
  0.698
  0.403
  0.305
  0.270
  0.314
  0.342
  0.415
  0.602
  0.775
  0.955
  1.053
  1.148
  1.223
  1.209
  1.172
  1.056
  1.112
  1.100
  1.098
  1.041
  0.996
  0.936
  0.882
  0.877
  0.883
  0.879
  0.846
  0.856
  0.896
  0.947
  0.996
  1.000
  1.082
  1.064
  1.043
  1.074
  1.073
  1.074
  1.059
  1.037
  1.034
  1.022
  1.016
  1.008
  0.968
  0.979
  1.022
  1.010
  1.006
  1.039
  1.028
  1.052
  1.035
  1.032
  1.077
  1.051
  1.028
  1.029
  1.006
  0.999
  0.978
  0.955
  0.939
  0.936
  0.958
  0.985
  0.983
  0.993
  0.977
  1.003
  0.989
  0.993
  0.988
  0.965
  0.997
  0.999
  0.994
  0.998
  0.977
  1.008
  1.001
  1.018
  1.020
  1.023
  1.014
  1.003
  1.016
  0.988
  0.984
  0.973
  0.982
  1.003
  1.015
  1.004
  1.023
  1.020
  0.996
  1.004
  0.993
  0.989
  0.975
  1.006
  1.007
  0.996
  0.991
  1.009
  1.005
  0.991
  1.016
  1.011
  1.009
  1.015
  0.991
  0.999
  0.994
  1.004
  0.991
  0.984
  0.994
  1.002
  0.986
  1.005
  1.008
  1.011
  1.003
  1.013
  1.005
  1.010
  0.997
  0.996
  0.989
  0.991
  0.987
  0.976
  0.987
  0.994
  0.999
  0.991
  1.011
  1.018
  1.010
  1.005
  1.014
  1.012
  0.996
  0.993
  1.005
  1.002
  0.993
  0.998
  0.988
  0.998
  1.010
  0.997
  0.999
  0.987
  1.004
  1.017
  1.008
  0.989
  1.004
  0.998
  1.008
  0.988
  1.000
  1.002
  1.006
  1.003
  1.002
  0.987
  0.983
  0.993
  0.990
  0.994
  0.994
  0.999
  1.009
  1.004
  1.006
  0.999
  0.991
  0.991
  0.998
  1.000
  1.010
  1.008
  0.998
  0.986
  0.999
  1.009
  1.012
  1.005
  1.002
  1.002
  1.007
  1.002
  0.999
  1.003
  0.997
  0.998
  0.992
  0.986
  0.993
  1.000
  0.999
  0.984
  1.000
  0.997
  1.005
  1.007
  1.001
  0.992
  0.995
  1.007
  0.997
  1.000
  1.011
  1.008
  0.986
  1.012
  1.012
  1.002
  0.999
  0.999
  0.998
  1.007
  0.3504595E+04  0.3507737E+04
  0.000
  0.000
  0.000
  0.000
  0.000
  0.000
  0.000
  0.000
  0.000
  0.000
  0.000
  0.000
  0.000
  0.000
  0.000
  0.000
  0.000
  0.000
  0.000
  0.000
  0.000
  0.006
  0.119
  0.670
  1.942
  2.825
  3.117
  2.503
  1.666
  1.038
  0.519
  0.269
  0.240
  0.225
  0.229
  0.344
  0.482
  0.568
  0.755
  0.902
  1.039
  1.152
  1.219
  1.225
  1.242
  1.150
  1.091
  1.069
  1.008
  1.003
  0.951
  0.947
  0.922
  0.841
  0.836
  0.868
  0.897
  0.948
  0.949
  0.940
  0.988
  0.988
  1.005
  1.050
  1.044
  1.077
  1.098
  1.073
  1.064
  1.086
  1.054
  1.045
  1.039
  1.022
  1.004
  1.005
  0.992
  1.002
  0.996
  0.989
  1.013
  1.031
  1.032
  1.067
  1.059
  1.043
  1.020
  1.016
  0.995
  1.003
  1.009
  0.995
  0.968
  0.985
  0.970
  0.957
  0.975
  0.959
  0.987
  0.994
  0.993
  1.005
  0.984
  0.983
  0.972
  1.001
  1.000
  1.011
  1.012
  1.008
  1.011
  0.993
  1.015
  1.016
  0.998
  0.975
  1.001
  0.961
  0.997
  1.002
  1.005
  1.007
  1.025
  1.000
  1.004
  0.998
  0.983
  0.982
  0.999
  0.983
  0.993
  0.990
  1.014
  1.015
  0.998
  1.002
  1.012
  1.008
  0.997
  0.991
  0.991
  0.989
  0.996
  0.999
  0.990
  1.020
  1.013
  1.027
  1.022
  1.003
  1.009
  1.006
  1.006
  0.993
  1.013
  1.007
  1.013
  0.996
  0.995
  1.006
  0.995
  0.988
  0.988
  0.980
  0.988
  0.987
  0.987
  0.999
  1.001
  1.002
  0.997
  0.988
  1.000
  1.006
  1.018
  1.019
  1.007
  1.008
  1.000
  0.990
  0.994
  0.986
  1.002
  1.003
  0.991
  0.986
  1.002
  0.996
  0.998
  1.005
  1.007
  1.013
  1.008
  0.999
  1.009
  0.993
  0.993
  0.997
  1.005
  0.995
  0.986
  0.984
  0.988
  0.989
  1.003
  1.005
  0.995
  1.003
  0.998
  0.988
  0.989
  1.002
  1.006
  1.010
  1.017
  1.008
  0.993
  1.015
  1.011
  0.985
  0.991
  1.000
  1.011
  1.001
  0.998
  1.001
  1.001
  0.997
  1.002
  1.002
  0.999
  0.996
  0.993
  0.999
  0.993
  1.002
  1.004
  0.994
  1.001
  0.990
  0.998
  1.000
  1.001
  1.006
  1.010
  0.991
  1.000
  0.997
  1.004
  0.999
  0.998
  0.992
  1.001
  0.995
  0.997
  0.989
  0.3538784E+04  0.3543210E+04
  0.000
  0.000
  0.000
  0.000
  0.000
  0.000
  0.000
  0.000
  0.000
  0.000
  0.000
  0.000
  0.000
  0.000
  0.000
  0.000
  0.000
  0.000
  0.000
  0.000
  0.000
  0.003
  0.106
  0.739
  1.905
  3.109
  2.968
  2.486
  1.660
  0.972
  0.551
  0.336
  0.250
  0.234
  0.273
  0.358
  0.472
  0.619
  0.752
  0.907
  0.968
  1.074
  1.184
  1.203
  1.235
  1.194
  1.146
  1.106
  1.018
  1.000
  0.962
  0.921
  0.919
  0.893
  0.873
  0.864
  0.846
  0.866
  0.892
  0.923
  1.004
  1.043
  1.043
  1.074
  1.087
  1.079
  1.074
  1.114
  1.098
  1.058
  1.008
  1.033
  0.996
  0.967
  0.993
  0.999
  0.982
  1.021
  1.044
  1.065
  1.041
  1.018
  1.039
  1.012
  1.033
  1.021
  1.014
  0.988
  0.989
  1.004
  1.005
  0.999
  0.981
  0.989
  1.004
  0.964
  0.966
  0.967
  0.969
  0.965
  0.983
  0.987
  1.001
  0.988
  0.995
  0.988
  1.018
  1.018
  1.025
  1.019
  1.013
  1.004
  0.996
  0.984
  0.979
  0.980
  0.985
  1.000
  0.984
  0.995
  1.011
  1.018
  1.023
  1.012
  0.990
  0.992
  0.998
  0.986
  0.977
  0.972
  0.985
  0.992
  0.998
  1.002
  1.006
  1.011
  1.008
  1.003
  1.010
  1.001
  1.010
  1.000
  1.004
  1.001
  1.004
  1.007
  1.010
  1.022
  1.029
  1.019
  1.010
  1.012
  1.000
  1.012
  0.998
  0.997
  0.997
  1.002
  1.009
  0.996
  0.992
  0.982
  0.972
  0.988
  0.997
  0.991
  0.996
  1.003
  1.000
  0.994
  0.995
  1.003
  1.000
  0.994
  0.998
  0.986
  0.998
  0.998
  1.011
  0.988
  0.992
  0.987
  0.985
  1.000
  1.004
  1.010
  1.019
  1.009
  1.006
  1.007
  1.008
  1.003
  1.004
  1.004
  1.017
  1.008
  0.996
  0.992
  0.994
  1.007
  1.004
  0.999
  0.989
  0.996
  0.988
  0.999
  0.993
  0.993
  0.990
  0.992
  1.010
  1.008
  1.010
  1.005
  0.992
  0.983
  0.994
  1.003
  0.997
  0.994
  0.996
  1.009
  1.001
  1.008
  1.012
  1.009
  0.995
  1.000
  0.990
  0.996
  0.997
  0.995
  1.001
  1.001
  0.998
  1.002
  1.007
  0.996
  1.005
  0.995
  0.989
  0.982
  0.989
  1.005
  0.999
  1.006
  0.994
  1.001
  1.006
  1.004
  1.005
  1.001
  0.999
  0.996
  1.000
  0.993
  0.3291123E+04  0.3291494E+04
  0.000
  0.000
  0.000
  0.000
  0.000
  0.000
  0.000
  0.000
  0.000
  0.000
  0.000
  0.000
  0.000
  0.000
  0.000
  0.000
  0.000
  0.000
  0.000
  0.000
  0.000
  0.004
  0.116
  0.635
  1.904
  3.166
  3.331
  2.497
  1.594
  0.919
  0.530
  0.336
  0.209
  0.191
  0.197
  0.303
  0.419
  0.544
  0.713
  0.872
  1.062
  1.199
  1.252
  1.279
  1.256
  1.205
  1.191
  1.147
  1.054
  0.991
  0.912
  0.929
  0.855
  0.807
  0.842
  0.830
  0.873
  0.871
  0.854
  0.923
  1.015
  1.000
  1.050
  1.042
  1.060
  1.093
  1.141
  1.084
  1.109
  1.070
  1.071
  1.040
  1.032
  0.995
  1.003
  1.012
  1.015
  1.014
  0.981
  1.018
  1.025
  1.030
  1.019
  1.037
  1.013
  1.034
  1.022
  1.006
  1.012
  0.981
  0.976
  0.967
  0.994
  0.987
  1.001
  0.965
  0.957
  0.965
  0.973
  0.966
  0.984
  0.997
  1.014
  0.994
  1.018
  1.030
  1.009
  1.017
  1.012
  1.014
  1.014
  0.987
  0.990
  0.980
  0.993
  0.996
  0.997
  1.003
  0.990
  0.998
  0.987
  1.000
  0.987
  0.990
  0.985
  0.995
  1.009
  1.018
  1.015
  0.999
  0.998
  0.990
  1.006
  0.994
  0.984
  1.008
  0.998
  0.980
  0.983
  1.009
  0.995
  1.009
  1.016
  1.010
  1.006
  1.002
  1.004
  1.002
  1.008
  1.001
  0.996
  1.003
  1.018
  1.024
  1.019
  1.004
  1.017
  0.997
  1.000
  0.992
  0.992
  0.999
  0.994
  1.003
  0.990
  0.986
  0.989
  1.003
  0.999
  0.984
  0.982
  0.980
  0.987
  1.000
  0.994
  1.001
  1.010
  0.998
  0.989
  0.998
  1.006
  1.003
  1.000
  0.997
  1.009
  1.002
  1.003
  0.997
  1.010
  1.012
  0.993
  0.996
  1.001
  1.012
  1.008
  0.992
  0.993
  1.004
  0.995
  1.003
  0.993
  0.998
  0.998
  1.009
  1.005
  0.998
  0.998
  0.987
  0.993
  0.996
  1.004
  1.012
  1.014
  0.998
  0.999
  1.000
  1.003
  1.004
  1.006
  1.002
  0.992
  1.003
  1.006
  1.010
  1.014
  0.998
  0.989
  0.990
  0.988
  0.987
  0.991
  1.002
  1.003
  1.000
  0.991
  0.989
  0.984
  0.998
  0.990
  0.999
  0.997
  1.000
  0.995
  0.999
  0.997
  1.000
  1.005
  0.998
  1.013
  1.010
  1.007
  1.006
  1.006
  0.998
  1.005
  0.996
